0.74515,0.42982,0.17617
0.68524,-0.13178,0.10331
0.48227,-0.052022,-0.47697
0.13192,0.55643,0.015514
-0.35295,-0.26168,-0.38207
-0.90936,-0.087923,-0.1857
-0.56744,0.46361,0.19627
-0.2533,-0.67549,0.18984
-0.39404,0.27304,-0.51162
-0.6586,0.24101,0.26812
-0.8252,-0.1917,-0.19748
-0.079962,0.74052,-0.0018187
-0.14251,0.37235,-0.5168
-0.9954,-0.14013,0.073778
0.4519,0.57516,-0.2499
-0.75436,0.34688,0.26281
0.50846,-0.75779,0.11899
-0.69856,-0.53259,0.05747
-0.50966,-0.49305,-0.019814
-0.10304,0.92616,-0.016393
0.27398,0.48589,0.53306
-0.43496,-0.3003,0.33063
-0.04186,-0.35424,-0.34288
0.13449,-0.41376,-0.60059
-0.20489,0.10434,0.63261
-0.84681,0.16135,-0.25036
-0.75412,-0.054471,-0.40732
0.837,0.1052,-0.085699
0.42151,0.26587,0.44613
0.30547,0.37441,-0.44812
-0.3418,0.46022,0.33085
0.36618,-0.54662,-0.33866
-0.16094,-0.67645,-0.089173
-0.70423,-0.30422,0.27112
0.15344,-0.42017,0.57414
-0.55449,-0.43708,-0.28826
-0.73683,-0.14399,-0.1064
0.46758,-0.32438,-0.45095
0.69734,-0.40896,-0.22811
-0.42183,0.62145,0.046991
-0.73424,0.32675,0.098908
0.090911,-0.26326,-0.33941
0.31498,0.40708,-0.4587
0.35535,-0.46454,-0.12461
0.89381,0.24108,0.10197
0.48343,0.65277,0.081622
0.68069,0.074605,-0.39652
0.35467,-0.2214,0.59603
0.3415,-0.30972,-0.2428
0.044122,-0.11673,0.58699
0.65582,-0.62571,-0.37613
-0.62721,0.2186,0.44768
0.3345,-0.070509,-0.54586
0.44298,-0.34595,-0.45174
0.071361,0.46103,0.51325
-0.82791,0.36611,-0.30163
0.5645,0.41466,0.16604
-0.84926,0.31548,0.33212
-0.24524,0.48596,-0.3864
-0.30941,0.41055,0.38185
-0.6423,-0.44463,-0.00020102
0.97865,0.28069,0.15815
-0.55644,-0.1298,0.33752
0.14187,-0.48278,0.32242
-0.93734,-0.22324,0.030239
0.76351,0.15137,-0.32017
-0.028876,-0.26552,-0.49933
-1.0011,0.45219,0.23237
-0.3878,-0.72612,0.018657
-0.53356,-0.3302,0.2765
0.092863,0.75333,0.072389
0.88181,-0.16867,-0.28726
0.67748,0.57392,-0.26633
0.42391,-0.10885,-0.65097
-0.27816,-0.57416,-0.025171
-0.13796,-0.61051,0.37806
-0.74481,0.45276,-0.096623
-0.2169,0.52247,0.39949
0.15201,-0.545,0.47169
0.75821,-0.2028,-0.14815
-0.83892,0.25442,-0.38248
0.81536,0.28944,0.19966
0.50457,0.58069,-0.36214
0.65032,-0.16933,-0.426
0.21061,-0.18478,-0.54941
0.90135,0.0096478,-0.20417
0.29194,0.077001,0.54123
0.95751,-0.032197,0.13944
0.21068,0.047045,0.58175
-1.0427,0.25599,0.07827
0.58738,-0.33119,-0.075098
-0.86256,-0.2563,0.39001
0.41072,-0.43926,-0.59756
-0.5075,0.51623,-0.11075
0.75778,0.30162,0.26334
-0.37374,-0.40458,-0.44477
0.68535,-0.33256,0.64372
0.15951,-0.0095898,0.60946
0.16749,0.66872,0.025887
-0.16658,0.51298,0.1013
0.54762,0.1148,0.40623
-0.26144,0.70663,-0.18204
-0.59359,0.22644,0.21679
0.29756,0.3464,0.53771
-0.16539,-0.6925,0.35009
0.76897,-0.32509,-0.35068
-0.088092,0.69997,-0.034426
1.1217,0.22455,0.05902
-0.051206,0.13373,-0.62096
0.34376,-0.029651,-0.70917
-0.26932,0.71061,-0.31478
1.0381,0.20251,-0.30019
-0.50508,-0.29235,-0.17667
-0.61555,0.38004,0.12195
-0.44264,0.56234,0.0081314
0.58433,0.53899,-0.13404
0.75859,0.27975,0.50223
-0.84388,0.041288,-0.45052
0.54442,-0.64393,-0.26165
-0.33598,0.67525,0.088144
-0.017263,-0.29514,0.41097
-0.46908,-0.24972,-0.47107
0.25638,-0.4536,0.10773
0.72576,0.56372,-0.09947
0.21291,0.5212,-0.2799
0.58995,-0.75473,0.12605
0.77947,0.50654,0.042693
0.59924,-0.49794,-0.2928
-0.46915,0.4507,-0.53759
0.72677,0.27986,0.12649
-0.36338,0.48242,-0.31631
0.9508,0.012733,-0.054986
0.63371,0.33905,-0.3317
-0.79461,0.068113,0.25772
-0.31474,-0.51783,-0.059106
1.0256,0.00072029,-0.20565
0.25419,0.78173,-0.31875
0.32683,-0.57053,-0.38821
-0.79184,0.40957,-0.080945
-0.46455,0.35908,0.20722
0.19851,0.50111,0.63971
0.22241,0.52877,0.2664
-0.54669,-0.44232,0.46361
-0.88549,-0.030531,0.39384
-0.44528,0.48276,0.18611
0.5513,0.41334,0.023498
0.48827,0.49402,-0.26452
0.59247,0.65036,-0.098811
0.23904,-0.28609,-0.65703
-0.22374,0.22081,-0.67935
-0.67487,0.27749,0.4637
-0.77205,-0.43621,0.022207
0.19586,0.5926,0.37404
-0.63981,0.009069,-0.27536
-0.51204,0.014242,0.48971
-1.0086,-0.0024906,0.18255
-0.041911,-0.14241,-0.5467
0.78874,-0.38031,-0.26344
-0.0051079,-0.74318,0.22079
-0.51806,0.13275,-0.31826
-0.16197,-0.78046,-0.11475
-0.79928,-0.16028,-0.30028
0.099247,-0.71081,0.18468
0.62284,-0.2447,-0.16264
-0.17067,-0.59073,-0.14083
0.43193,-0.31707,0.43651
0.67462,0.51941,-0.066677
0.51827,-0.41072,0.34591
-0.93305,-0.052713,-0.030192
-0.27377,0.34375,-0.65204
0.20759,0.41552,-0.44224
-1.0084,-0.14728,0.25776
0.46851,0.60032,0.010313
0.8915,-0.45613,-0.065739
0.71558,-0.095885,0.40629
0.092193,-0.30714,-0.35987
0.6752,-0.17365,0.42921
0.5126,0.1436,-0.5896
-0.94633,0.1014,-0.050005
-0.57563,-0.27059,-0.30521
0.33721,0.61597,0.10434
-0.98714,-0.35213,-0.078939
0.29462,-0.7428,-0.068686
0.25058,0.65004,0.16606
0.33723,0.55633,-0.14598
0.66637,-0.22585,0.4161
-1.2123,-0.0060736,0.054356
0.2934,-0.75424,-0.11652
-0.67815,0.1091,-0.45312
-0.31993,-0.54918,0.00071533
0.31125,0.67868,0.18095
-0.43348,0.57836,0.23511
0.89989,-0.36649,0.0048145
0.97015,0.28606,-0.4426
0.72625,-0.52101,0.17893
0.69531,-0.3045,-0.47557
0.0036695,-0.74509,0.15737
0.15184,0.12499,0.86561
-0.026731,0.18991,-0.48877
0.63929,-0.623,-0.023724
-0.59467,0.29286,-0.51542
0.49423,-0.65435,0.097653
0.8386,-0.28671,0.36955
-0.1657,-0.75182,-0.19174
-0.74311,0.12049,0.31461
0.27791,0.061381,0.48717
-0.656,-0.44486,0.066287
0.50626,0.21803,-0.4077
0.19671,0.51987,0.24328
-0.80026,-0.10056,0.55179
-0.17179,-0.2968,-0.63778
-0.86185,-0.24364,-0.3134
0.77416,-0.50923,0.039275
-0.014005,-0.56237,-0.045853
-0.004565,0.44098,-0.34069
-0.62482,-0.36385,0.23929
-0.655,-0.4571,0.4362
0.11285,0.078308,-0.6717
-0.87788,0.34679,-0.21146
0.9425,-0.235,-0.025022
-0.33048,0.34903,-0.48786
-0.43751,0.62838,-0.33736
0.69289,-0.16114,0.13465
-0.91882,-0.27605,0.057087
0.58284,0.65117,-0.28022
0.12155,-0.63159,0.062272
-0.59409,-0.4523,0.24163
0.77781,0.38781,0.30877
0.42358,-0.16123,0.5409
-0.50061,0.2354,0.47728
-0.062901,-0.51572,-0.42701
-0.068373,0.57231,-0.46586
-0.95556,0.13811,-0.1674
0.59306,0.53816,-0.18239
-0.44386,-0.31555,-0.43062
-0.21699,0.64413,-0.14543
-0.4275,0.032264,-0.47074
-0.52212,0.53024,-0.31804
-0.76399,-0.2488,0.24851
0.68576,0.25543,0.08194
-0.69695,0.33187,-0.060601
-0.93017,0.044205,0.14715
-0.64528,-0.15488,0.34119
0.28002,-0.50494,-0.15502
-0.82126,0.25589,-0.07775
1.0161,0.052121,-0.19007
0.44333,0.30785,-0.33859
0.65106,0.30353,0.53237
0.13643,-0.66124,0.15765
-0.25287,-0.23929,0.59127
-0.62662,0.6262,0.044701
-0.11162,-0.81594,0.14441
-0.95756,0.47799,0.041751
0.48415,-0.58454,0.22057
0.090615,0.53252,-0.41955
0.55593,-0.63096,-0.12574
0.085717,0.46103,-0.2684
0.80819,0.25234,0.08265
-0.27811,-0.51865,0.047803
0.35043,-0.0074408,-0.55719
0.37283,0.7139,0.028918
0.695,0.42245,-0.34308
-0.22402,-0.19958,0.5015
-0.85875,-0.15821,-0.001464
-0.77019,0.078888,-0.37586
-0.76845,-0.26376,0.39665
-0.83333,0.47867,-0.42551
0.96274,0.18677,0.26583
0.024905,-0.58651,0.02345
-0.32682,0.18771,0.50084
0.16808,-0.16635,0.6647
-0.85228,-0.37279,0.16404
0.81902,0.064225,0.097915
0.1758,-0.36285,-0.62067
-0.20394,-0.41146,0.29621
0.34902,0.22641,0.59235
0.75898,0.22905,-0.26593
-0.026681,-0.1817,0.39754
0.37455,-0.43512,0.37025
0.92244,-0.56268,-0.043446
0.58461,-0.30833,0.36239
-0.62485,-0.35577,-0.23927
0.307,0.80105,-0.12665
-0.9286,0.0090587,0.20928
0.86114,-0.10073,-0.094943
-0.18619,-0.76787,0.2352
-0.54445,-0.081362,0.51148
0.94855,0.28665,0.1765
-0.080359,-0.56253,-0.22489
-0.46194,0.20904,-0.58001
0.93725,-0.23698,0.1453
-0.90885,0.42321,0.076279
-0.77892,0.51163,-0.11057
0.80712,-0.01994,-0.62408
0.73628,-0.39051,0.13983
-0.66183,0.18649,0.11949
-0.97552,0.404,-0.11703
0.77064,0.45837,-0.064199
0.87918,0.038625,0.012955
-0.13176,0.7718,0.33996
0.45672,-0.32279,-0.46757
-1.022,-0.18338,-0.11763
-0.094458,0.7061,0.024731
0.025616,0.045985,-0.6914
-0.20393,0.64095,0.85056
0.62096,-0.40335,-0.55303
0.9181,-0.32464,0.22653
-0.12845,-0.48127,-0.37377
-0.051931,0.58473,-0.57978
0.78203,-0.46024,0.044815
0.091637,-0.62436,-0.41508
-0.91493,0.29866,-0.21155
-0.85171,-0.1312,0.6233
0.9122,-0.21814,-0.364
0.25244,0.3314,-0.16306
-0.38079,-0.43841,-0.56393
0.26174,0.58118,-0.14666
0.72035,0.27933,-0.38915
0.95668,-0.023039,-0.34828
-0.016214,0.75394,-0.13058
-0.27955,-0.57378,-0.26527
0.74156,0.21045,0.088125
-0.21594,0.27769,-0.43898
0.41558,0.61803,-0.078663
-1.0414,-0.20564,-0.050282
-0.98138,0.1646,0.17729
-0.035325,-0.54718,0.43661
-0.16105,-0.31645,0.48326
-0.37964,0.57711,-0.046723
-0.57716,-0.53386,-0.0063233
0.85732,0.29098,-0.20169
0.3016,-0.70437,0.093038
0.38051,0.18183,0.54018
0.49646,-0.31886,0.44808
0.85718,0.17501,-0.30289
-0.65149,0.11624,0.23852
-0.9142,0.1271,-0.30381
0.1289,0.23719,0.5873
-0.73306,0.42224,0.39537
-0.92968,-0.21426,-0.17558
0.52353,-0.69847,0.16822
-0.93949,0.012349,-0.071525
-0.46791,0.43916,0.29164
0.26874,-0.57572,0.54319
-1.0095,0.39449,-0.082531
-0.35998,0.16291,-0.38178
0.64204,0.33546,0.3407
-0.51804,-0.03447,0.71935
-0.51039,-0.1866,0.41882
0.37771,0.79779,-0.079132
-0.2647,0.44059,0.44887
-0.57829,0.66608,-0.082962
-0.4164,0.00053863,0.47498
-0.60061,0.24398,-0.33124
-0.72697,0.12957,-0.30378
-0.2106,-0.40961,-0.37615
0.21796,-0.54251,-0.4032
-0.44439,0.63895,0.038385
-0.73256,-0.27045,-0.26658
0.84628,0.14251,-0.1801
-1.258,-0.10399,-0.14883
-0.27428,-0.0052752,0.5518
-0.97807,0.10908,-0.30981
1.0275,-0.12233,0.053961
-0.96874,-0.038645,-0.0099605
0.11513,0.11078,-0.69641
0.55104,0.22639,0.59617
0.88836,0.12618,0.29061
-0.25697,0.67966,-0.12512
0.51501,0.60846,-0.070986
-0.66348,-0.52725,-0.35314
0.66,0.013405,-0.60343
-0.7465,-0.34208,0.09838
-0.3693,0.47526,-0.26844
0.56341,0.041883,0.40687
0.71838,-0.48782,-0.091655
-0.14344,-0.37953,0.39119
0.21421,0.43717,0.36846
-1.058,-0.046206,-0.11356
0.59867,-0.35509,0.050348
-0.23102,0.54749,-0.13498
-0.6615,0.31589,0.2895
-0.89272,0.29968,-0.32564
-0.8106,0.14726,-0.34706
0.62552,0.27334,0.2784
0.61599,-0.50322,-0.029622
0.9723,0.27208,0.22029
-0.66236,-0.46726,-0.35337
-0.73941,-0.093407,0.47209
-0.13412,0.47395,-0.16867
-0.59616,-0.43227,0.33179
-1.0987,-0.30132,-0.27584
0.53248,-0.35381,0.3114
-0.50287,0.07402,0.47433
0.41662,-0.61995,0.057733
-0.015969,0.6548,0.16464
-0.98841,-0.056287,-0.077753
0.27121,0.29463,0.68446
0.85904,-0.099862,0.064723
-0.085116,0.38504,0.37499
0.93714,-0.18029,-0.10295
0.26551,0.54718,0.46752
0.58367,-0.61938,0.0082109
-0.48294,0.50168,0.38858
-1.3037,0.22311,-0.20379
0.32056,-0.10073,0.43072
-0.25373,-0.34919,0.37736
-0.4767,0.39949,0.35428
-0.42036,0.13402,0.51975
-0.37752,0.54862,-0.073213
0.60147,0.20497,-0.43146
0.50867,0.44705,-0.3163
0.96018,-0.24091,0.05836
0.43325,0.65139,0.042793
-0.43018,0.57815,0.14715
0.59782,0.35733,0.44623
0.32329,-0.41073,-0.36539
0.80219,-0.0052047,0.41056
-0.79875,0.26002,0.097248
-0.80631,0.2342,-0.42151
-0.0027152,-0.50165,-0.36685
-0.29551,-0.35742,-0.63245
-0.073559,0.73637,-0.21979
0.87763,0.11584,0.40714
0.65507,0.54549,-0.21356
0.41706,0.27441,-0.43028
-0.018695,-0.054602,-0.5083
-0.72895,-0.068461,-0.35925
0.056896,-0.46272,0.51228
-0.082948,-0.030291,-0.81478
0.21548,-0.056034,-0.58047
-0.85183,0.27112,-0.16307
0.58682,-0.44102,-0.34018
0.63242,0.13042,0.28926
-0.08255,0.74097,-0.25049
-0.14725,0.40685,0.42121
-0.193,0.33897,-0.46163
0.11974,0.53834,-0.32797
-0.66699,0.19317,0.41521
-0.75316,-0.28601,-0.34496
0.64917,0.095181,0.26174
0.87261,0.20089,-0.3076
-0.6684,0.069056,-0.55529
-0.67015,0.23256,-0.47908
-0.061472,-0.20647,0.69409
0.76248,0.22835,0.19713
0.4402,0.12096,0.5308
-0.66815,0.61515,0.093993
0.96445,-0.015093,0.12231
-0.58185,0.54863,-0.17727
0.028292,-0.75902,0.1765
0.35846,-0.61083,0.34526
0.35299,0.056353,0.71747
0.54583,-0.63927,0.27045
-0.77477,0.32078,0.24016
0.5588,-0.25497,0.21064
0.39154,-0.62435,0.36915
0.56032,-0.22104,0.42048
0.4155,0.029056,-0.51824
-0.21181,-0.050822,-0.43197
-0.39778,-0.38917,0.42647
0.17555,-0.55005,0.092108
-0.066041,-0.75855,-0.085547
-0.74523,-0.6716,-0.15317
0.043316,-0.7829,0.16565
-0.20631,0.54094,-0.47621
0.92413,0.044751,0.10992
-0.39602,-0.16914,-0.50362
-0.13628,0.53325,0.30875
0.26431,0.63925,-0.22569
-0.1919,0.91421,0.11286
0.71154,0.19194,0.03007
-0.88762,-0.45352,-0.10361
0.75906,-0.28507,0.33692
-0.40118,0.26073,0.43034
0.9097,-0.10296,0.20706
0.46808,-0.23561,-0.46152
-0.3183,0.49197,-0.33675
-0.6072,-0.063456,-0.28762
0.28188,-0.23316,-0.39746
0.010994,-0.068164,0.86371
0.38454,-0.3596,0.43244
-0.35612,-0.48876,0.45658
0.052803,-0.23862,0.72071
-0.24085,0.49049,-0.34297
-0.71487,0.34346,-0.27935
0.69277,-0.17292,-0.33912
0.23959,-0.64704,-0.045583
0.37608,0.30042,-0.45005
-0.019636,0.61945,-0.059892
0.43134,0.35823,0.44837
0.10413,0.044598,-0.5801
-0.84798,0.19729,-0.062422
0.37955,-0.66849,-0.13819
0.83207,0.42502,-0.035618
0.45276,-0.69217,0.20303
0.18618,0.744,-0.14412
0.71846,-0.55061,0.23049
-0.72029,0.13794,-0.37901
0.43463,-0.017064,-0.52729
-0.4263,-0.54618,-0.45237
-0.47541,0.092637,-0.44897
-0.2899,0.35248,0.34577
0.61295,0.66507,-0.3764
-0.18851,-0.4026,-0.23222
-0.24738,0.06647,-0.57228
-0.16867,-0.56172,-0.10427
-0.016871,-0.22938,0.6868
0.90956,0.12478,-0.02602
-0.84431,-0.53092,-0.458
-0.26109,0.31919,-0.48704
0.84118,-0.42311,0.20568
-0.34752,-0.14453,-0.5396
-0.81762,-0.31934,0.43007
0.63665,-0.4518,0.12857
0.24436,0.74843,0.042214
0.080623,-0.063547,0.66857
0.79942,-0.071771,-0.27906
0.68038,-0.21189,0.46188
-0.088629,0.82422,0.15801
-0.8215,0.33269,0.35819
0.17662,-0.46441,0.22385
-0.27007,-0.50919,-0.73087
-0.67704,-0.36367,0.17616
0.63373,-0.23362,-0.64937
-0.46312,0.3079,-0.27039
0.90377,-0.09365,0.096257
-0.21405,0.8076,0.25881
-0.61946,0.18149,-0.38807
-0.11254,-0.67896,0.15862
-0.3074,-0.71324,0.20574
1.2313,-0.071699,-0.055137
0.72677,-0.55052,0.16188
0.01006,0.30607,-0.3788
0.47736,0.48226,-0.35187
-0.83651,-0.0035928,0.1392
-0.31231,-0.27932,0.64344
-0.25504,-0.64284,-0.22216
0.94784,-0.22696,-0.043087
-0.067029,0.11627,0.7257
0.20197,-0.31425,0.35037
0.25539,-0.37079,0.11103
0.47505,-0.3232,0.44258
-1.0489,-0.0074242,0.064996
-0.14707,-0.73562,-0.017641
-0.6474,0.19967,0.26437
-0.97421,0.10614,-0.38235
-0.10485,0.30587,-0.57586
-0.84994,0.1097,0.19518
-0.17326,-0.38366,-0.54638
-0.98976,-0.37169,0.062446
0.8653,-0.079806,-0.098952
0.54329,-0.73497,-0.23876
-0.47276,-0.26623,0.49512
-0.34717,0.38946,-0.30038
-0.76065,-0.34718,-0.25047
-0.17769,0.033694,-0.62318
-0.69154,0.22321,0.35002
-0.66352,0.29577,-0.40091
-0.50518,0.36206,0.11008
0.45378,-0.57009,-0.1158
-0.52722,0.28524,0.47728
-0.20471,0.38282,0.16217
0.39927,0.080047,0.64749
-0.49131,0.33911,-0.47544
0.72005,0.46741,-0.091517
0.16844,-0.15972,-0.7513
0.42842,-0.24904,-0.25595
0.42934,0.31813,0.46153
0.67906,-0.4903,0.08333
0.43229,-0.37726,-0.46662
-0.50564,-0.48176,0.40478
-0.034875,-0.76666,-0.039549
-0.15358,0.31775,0.43795
-0.29421,0.24162,-0.50146
1.0402,0.33992,-0.16455
0.97441,0.20529,-0.31637
-0.19374,-0.40832,0.29067
0.56367,-0.0062901,0.23988
-0.58748,0.3938,0.15806
-0.50912,-0.28444,-0.44
-0.4498,0.16293,0.41314
-0.46639,-0.31845,-0.29445
-0.20257,-0.41115,0.51049
-0.02771,-0.34038,0.51907
0.43715,0.12239,0.54581
0.33995,-0.71639,0.42238
-0.24865,0.22828,-0.38225
-0.2284,-0.35767,0.45643
0.71915,0.20519,0.30879
0.77766,-0.050055,0.24003
0.62372,0.4925,-0.07717
-0.79373,-0.11747,-0.19924
0.2172,-0.5664,-0.16429
-0.8367,-0.33614,0.32371
-0.90788,0.25758,0.033345
-0.043406,0.25047,0.37298
0.81478,0.079397,0.58037
0.074831,-0.16229,0.64512
-0.25425,0.5236,0.42064
-0.52243,-0.0067243,0.61205
0.77591,-0.27145,0.44164
0.93079,-0.47836,0.20973
-0.70598,0.050946,0.41876
0.32568,0.35564,0.35977
-0.78897,-0.18076,-0.25314
1.0406,-0.23753,0.0026267
-0.22315,0.089252,0.53789
0.59668,0.1845,0.47927
-0.38163,-0.60543,0.14321
0.10557,0.61542,-0.12069
0.7624,-0.34068,-0.26142
-0.083845,0.014879,-0.71079
-0.80935,-0.16843,0.57602
0.80048,0.32682,0.024582
0.22212,0.48093,-0.35443
0.52631,-0.63398,0.20771
-0.56952,0.27625,0.43137
0.70965,-0.028243,0.29836
-0.95488,0.39775,-0.21096
0.39508,0.39364,0.37496
0.50477,0.28116,-0.45676
0.099487,-0.14745,-0.70244
0.024189,-0.12043,0.60704
-0.59205,-0.61509,0.11823
0.3885,0.45886,-0.34026
0.88911,0.24862,-0.31055
0.81935,0.18791,-0.13298
0.077665,0.2323,-0.65622
-0.80069,0.47285,-0.003166
0.16878,0.37713,0.42224
0.48022,-0.534,0.19477
-0.71451,-0.28784,-0.13322
0.38641,-0.4244,0.46131
0.63634,0.12469,0.42388
0.19278,0.56136,-0.33317
0.0016936,0.55958,-0.30864
0.13004,0.55179,0.33341
-0.67827,-0.43976,-0.0013485
0.7606,-0.38808,-0.11471
0.38856,-0.20372,-0.39391
0.89001,-0.32631,0.080041
-0.47789,-0.52914,-0.4062
0.46524,-0.14807,-0.37276
0.78384,-0.095921,0.25365
0.55847,-0.59783,0.1591
0.53011,0.52687,0.24957
0.028337,-0.77983,-0.092049
0.44555,0.69872,-0.13581
1.1512,-0.075991,0.072841
-0.35634,0.25178,-0.34284
-0.041409,-0.079811,-0.63159
0.64404,0.3629,0.43303
-0.18256,0.17536,0.56722
0.68936,0.65991,0.015419
-0.021806,-0.47944,0.33555
-0.42108,-0.58562,0.46746
0.59948,0.47525,0.019614
0.28368,-0.21247,0.33803
-0.47737,-0.17153,0.2836
-0.81415,-0.45881,0.39494
0.77809,0.48219,0.308
0.70618,-0.27515,0.31618
0.32796,-0.23444,0.43541
0.50442,-0.38664,0.17328
-0.47429,-0.3626,0.037232
0.81039,0.44582,-0.36627
-0.35448,-0.63707,-0.30217
-0.70485,-0.27396,-0.22995
0.7746,-0.13048,-0.2004
-0.80171,0.66198,-0.14144
0.13365,-0.58414,0.013479
-0.53712,-0.32071,-0.44731
0.36853,-0.53777,-0.25934
-0.96646,-0.21939,0.10473
-0.55844,-0.61281,-0.108
-0.12569,-0.71021,-0.16041
-0.53223,0.60755,0.031575
-0.99422,-0.21664,-0.093582
-0.59598,-0.66477,-0.041211
0.76263,-0.29577,0.21911
-0.24096,0.81982,0.026395
0.2945,-0.39176,0.62001
0.72148,-0.43985,0.13514
0.073863,0.77191,0.020768
-0.11388,0.62672,-0.39165
-0.28538,0.097212,-0.39988
-0.39896,-0.26183,-0.46483
-0.047715,0.65045,-0.6594
-0.53801,0.1908,-0.49072
-0.097997,0.2991,0.54062
-0.16712,-0.57932,0.37751
0.73254,-0.086066,-0.22132
-0.39606,0.48372,-0.26959
0.70451,0.32891,0.33481
-0.0064147,0.36342,-0.45558
-0.82809,-0.47493,-0.043672
0.11723,0.70666,0.1288
-0.47375,-0.44081,0.26161
0.62527,0.6208,0.25756
0.84835,-0.023972,0.58394
0.76853,-0.28727,0.13055
-0.22704,0.33376,-0.41012
0.84244,-0.32763,0.21505
-0.056057,-0.60408,-0.1816
0.37334,0.075338,-0.51345
-1.0517,-0.028823,-0.12113
0.8024,-0.017166,-0.57578
0.90986,0.048002,0.11359
-0.90452,0.12135,0.18442
-0.033132,0.40718,0.30824
0.18401,-0.78462,0.11175
-0.72719,-0.26092,-0.22936
-0.1016,0.132,0.61339
0.39549,0.70882,0.16647
-0.18976,-0.70303,0.34411
0.77588,-0.26754,-0.23233
-0.32221,-0.82978,-0.17872
0.20297,0.36528,0.3585
-1.0476,0.20059,-0.12331
-0.19911,-0.069543,0.57963
0.085533,0.67737,0.08477
-0.24905,0.27305,0.57063
1.0778,0.31765,-0.19001
-0.76263,0.22196,0.55256
-0.96073,0.025381,-0.40608
0.8293,0.27635,0.21694
0.068968,-0.56455,0.092689
0.18834,0.34136,0.69623
0.60367,-0.19088,-0.39518
0.067521,-0.78372,-0.41504
-0.00098154,-0.29187,0.64717
-0.85754,0.053623,0.27155
0.26538,0.54752,-0.33176
1.0681,-0.31557,0.059852
0.52119,-0.21441,-0.46154
0.019978,-0.050176,0.60993
-0.39991,0.52189,-0.16822
-0.46657,0.63256,-0.024989
0.67036,0.19039,-0.3361
-0.29353,0.41738,0.32595
0.59802,0.21289,-0.48395
0.75708,-0.19234,0.21592
0.0095301,-0.073757,-0.40569
-0.41065,-0.25908,0.4492
-0.8178,0.16891,0.14999
0.06296,0.57744,-0.28711
0.74382,-0.16229,-0.40437
0.67057,-0.052873,-0.44719
1.0209,-0.34709,-0.23459
0.0061679,-0.37495,0.29225
0.4836,-0.29832,0.422
-0.44828,-0.019211,-0.55405
-0.093821,0.56729,-0.15181
-0.725,0.19652,0.42485
-0.54027,0.4086,-0.063056
0.2925,0.54202,0.44776
0.98259,-0.28071,-0.3941
-0.58771,0.089557,0.60938
0.41577,0.50161,-0.41675
-0.77573,0.082301,-0.28617
-0.020405,-0.94437,-0.096048
-0.017618,-0.071148,-0.60283
-0.17069,-0.51735,-0.31537
-0.093011,-0.35447,-0.4434
0.6813,-0.095684,-0.3545
0.064416,-0.42655,-0.61065
0.8274,-0.16832,-0.37276
0.45039,-0.56431,0.14225
-0.67493,0.044322,0.19436
0.76363,-0.20679,0.57962
-0.16303,0.19339,-0.4264
0.46473,-0.57038,-0.37473
0.30736,-0.78183,0.050832
-0.85531,0.32045,-0.086346
-0.1432,0.042342,0.53404
0.57422,0.52728,-0.068694
-0.35013,0.0041041,0.55828
-0.1959,-0.65182,-0.45717
0.59891,0.45184,-0.22789
-0.53815,0.3937,-0.36131
0.94104,-0.19429,-0.19126
0.78322,0.15107,0.064615
0.48877,-0.64093,-0.24497
0.14097,-0.056674,0.70081
-0.78019,-0.40612,0.019131
-0.58229,-0.51444,0.2004
-0.9113,0.17633,0.27886
0.7949,0.074925,0.37731
0.97485,0.029693,-0.063846
0.39117,0.48044,0.51687
-0.20843,0.32824,-0.66574
-0.15745,0.021682,-0.62702
-0.7063,0.026662,-0.27866
0.75819,-0.46861,0.18924
-0.5009,-0.392,-0.41158
0.38104,-0.17261,-0.50609
0.61237,0.29669,-0.38002
-0.92723,0.077155,-0.17386
0.72935,0.61279,0.094544
-0.8324,0.12923,0.17959
-0.62924,0.46667,-0.20066
-0.46824,-0.70009,0.047024
0.37123,0.029954,0.34609
0.6466,0.04274,0.36219
0.77969,-0.38158,0.032412
1.0482,0.26124,0.12926
0.49858,0.43132,-0.36759
0.58891,-0.45118,0.092779
-0.46986,-0.2498,0.3223
0.56003,0.19191,0.51135
0.2668,0.59143,0.27276
-0.34593,-0.37321,0.46186
-0.85159,0.0060727,0.3582
-0.34834,-0.13707,0.47657
0.66131,0.16386,-0.46984
0.37283,0.7956,-0.12235
0.34623,0.58033,0.26604
0.28984,-0.012589,-0.66777
0.89317,-0.03055,-0.31315
0.24494,0.050511,0.49055
-0.52576,-0.073233,0.43667
-0.11151,0.019193,-0.68741
-0.087347,-0.5594,-0.26154
0.057065,-0.86786,-0.063121
0.48081,0.056973,-0.41848
1.0645,0.24479,-0.0099679
0.68191,-0.21066,0.39326
-0.94924,0.10232,0.11943
0.30614,0.46464,-0.44825
0.10101,-0.285,-0.59397
-0.35539,-0.34323,0.42565
-0.92392,-0.26009,-0.0294
-0.88048,-0.4218,0.17096
0.12497,0.70208,-0.081631
-0.79251,0.29582,0.26978
-0.44278,0.49921,0.033125
-0.62721,0.33659,0.31902
0.77231,0.41032,-0.056207
-0.57055,0.71835,-0.24603
0.42038,0.23938,-0.36649
-0.031727,0.63193,-0.061645
0.88284,-0.17697,-0.15712
-0.092352,0.76956,0.18402
-0.87115,-0.35075,0.20495
-0.82708,0.24529,-0.18974
-0.37237,-0.086186,-0.49613
-0.093097,0.45623,0.37195
-0.61751,0.48782,-0.15061
0.26076,-0.30111,0.31328
0.18451,0.20084,-0.34599
0.0011341,-0.69571,-0.010799
-0.11637,-0.56969,0.19705
-0.12419,-0.55275,0.48527
-0.2431,-0.35387,-0.46885
0.53969,0.66991,-0.10178
-0.31967,-0.16571,-0.32881
-0.82012,-0.14386,-0.55594
0.43114,-0.19547,0.48616
-0.56816,-0.55515,0.019255
0.7798,0.22623,0.21772
-0.28145,0.50004,-0.13493
0.39438,-0.52407,0.40069
0.22629,0.44254,0.50819
-0.010076,0.51706,0.39813
0.93308,0.30165,0.24186
-0.68748,0.19582,0.0060548
-0.4645,0.12067,-0.59347
-0.51337,-0.73052,-0.087368
0.85823,0.42387,-0.14362
-0.1278,0.2601,0.64958
0.78122,-0.19468,0.024721
0.022239,0.80118,-0.078232
-0.60238,0.32867,0.50042
-0.71179,0.22984,0.62166
-0.60136,-0.32228,0.31849
0.090483,-0.46586,-0.17401
-0.54448,-0.40732,-0.47347
0.13531,-0.39984,-0.4102
-0.3758,-0.62781,0.23658
-0.42447,0.20652,0.49631
-0.694,-0.54854,0.024955
0.44279,0.10221,0.50343
0.34274,0.59947,-0.339
0.18903,-0.59586,0.56188
1.0511,-0.23686,0.042484
0.018026,0.53653,-0.29212
0.79069,0.49597,-0.15214
-0.80116,-0.12912,-0.23441
0.48204,0.64031,-0.31057
0.86444,-0.075341,-0.042768
-0.32211,0.62032,0.35679
-0.8891,-0.43975,-0.05337
0.59257,0.52076,0.53488
0.019669,-0.73661,-0.013114
1.0267,-0.16834,0.058859
1.1256,0.17096,0.0063284
0.79549,-0.31496,-0.27231
0.7951,-0.32728,-0.40427
-0.049925,-0.43529,0.56106
0.41408,0.31403,-0.60298
-0.83283,-0.47816,-0.075992
-0.22572,0.53327,-0.41238
-0.71369,-0.056625,-0.42734
0.52534,-0.41465,-0.192
-0.060488,0.5202,0.22614
-0.45048,0.034138,-0.41499
-0.87603,-0.091266,0.24889
0.64857,0.51999,-0.10669
-0.098375,0.54879,-0.028185
0.068213,-0.52922,0.23717
0.152,-0.54751,-0.15006
-0.52932,0.56731,-0.36859
0.88741,0.10291,-0.030306
-0.58238,-0.16769,0.28079
-0.044398,-0.59847,-0.51024
-0.99065,-0.23672,0.08618
-0.67877,-0.31349,-0.081945
-0.5992,0.2592,0.61431
-0.63662,-0.28727,-0.42382
-0.37386,0.19743,0.35214
-0.018936,0.55639,0.21231
-0.57726,0.25877,-0.54518
0.96482,-0.077571,-0.035101
-0.27666,0.24256,0.62486
-0.9531,0.024101,0.17361
-0.20704,-0.83506,-0.03258
0.29248,-0.69322,0.06929
-0.0086284,0.58865,0.19555
0.65038,-0.40015,-0.014627
-0.52726,0.56267,0.065722
0.051388,-0.48562,0.44848
0.35928,-0.33723,0.64181
0.8937,0.1318,-0.14969
0.69951,-0.83766,-0.067021
-0.99677,0.14981,0.055468
0.91146,0.27203,-0.013843
-0.75732,0.46071,0.073483
-0.29633,-0.059346,-0.51736
-0.17795,0.040954,0.85665
-0.098415,0.29505,0.47994
0.26863,-0.5693,-0.33226
-0.90834,0.36162,-0.15582
-0.54793,0.46495,-0.12802
0.3093,0.55402,0.2124
-0.42728,0.51212,0.13751
-0.63185,-0.02865,-0.44638
-0.90199,0.24438,0.19243
-0.85138,0.31993,0.25064
-0.14477,0.63621,-0.32298
-0.19765,0.071696,0.51337
0.4604,0.34855,0.4778
0.62771,0.41592,-0.39508
-0.74254,0.17454,-0.087609
-0.056744,-0.49471,-0.062749
0.13225,-0.54999,0.10032
0.94128,-0.05965,0.16698
0.87816,-0.067781,0.35555
-0.37399,0.36151,0.40952
-0.45545,-0.16901,-0.5528
0.093513,0.54531,0.35077
-0.27008,0.80915,0.10932
-0.56183,0.07771,0.41414
-0.29283,-0.57922,-0.5287
0.62405,0.17828,-0.44089
-0.71695,-0.16985,-0.3296
-0.82214,0.094362,-0.41793
-0.92943,0.28235,-0.26765
-0.65097,-0.62777,0.15673
-1.1727,-0.04935,-0.14446
-0.8486,0.39119,0.040984
0.16646,0.51695,0.20314
-0.01002,0.14235,-0.61105
0.0088817,-0.51027,-0.26879
0.30894,-0.030061,-0.49921
0.33992,-0.48182,-0.25603
0.46754,-0.61682,-0.21593
-0.13007,0.58278,0.29546
0.8718,0.075599,0.21502
-0.18389,-0.85891,-0.032314
0.11537,-0.42111,0.20634
-0.57317,0.1374,-0.40826
-0.55294,-0.30351,-0.42242
0.90131,0.028167,0.41113
-0.15854,0.049214,0.61281
0.097271,-0.018429,-0.5331
0.30393,0.25549,-0.53305
-0.064107,0.019312,-0.57076
-0.74398,-0.55042,-0.074579
-1.0975,0.10627,0.077862
0.094953,-0.48363,0.030214
-0.38641,0.51214,0.43649
-0.29084,-0.061703,-0.68527
-0.13774,-0.15934,0.68149
0.56734,0.37116,0.084556
0.36968,0.026324,0.53679
0.00077474,-0.102,0.65472
-0.44,-0.64591,-0.17232
-0.73975,-0.58575,0.28206
-0.65096,-0.55132,0.54572
-0.11902,0.087068,0.72591
-0.25162,-0.074014,0.37371
0.25039,0.6825,0.26026
-0.62791,-0.15666,-0.61345
-0.34515,-0.067268,-0.51781
0.40907,-0.28609,-0.51129
-0.71115,0.012491,-0.39489
0.15014,-0.72824,0.34285
0.18296,0.43494,-0.44661
-0.39809,-0.68235,-0.14979
0.77161,-0.19343,-0.52878
-0.22076,0.43596,0.43117
-1.0847,0.33917,0.14978
-0.28081,-0.04873,0.41427
-0.62946,-0.3379,-0.24602
0.57986,-0.67184,-0.082695
0.48854,-0.49965,-0.42757
-0.96181,0.14766,0.17167
0.36403,-0.85066,0.097966
0.47669,-0.36334,-0.23735
0.11505,-0.49957,0.33805
0.70714,0.40824,0.19793
-0.77377,-0.23484,-0.18555
-0.02447,0.51544,0.18059
-0.020965,0.77929,0.16093
-0.59562,0.10773,0.39403
0.55417,0.22316,0.25106
0.92951,0.084112,0.066576
-0.79849,-0.27106,-0.16356
0.60408,0.42554,0.097634
-0.22539,0.35853,0.50438
-0.32654,-0.71696,-0.34218
0.45206,0.61188,-0.18286
-0.0074331,-0.56054,0.5351
0.10915,0.6155,-0.30027
1.0772,-0.22055,0.14103
-0.098425,0.36113,-0.44509
0.65832,0.51773,-0.014783
0.82926,0.44235,0.17924
-0.92547,-0.11133,-0.49706
0.55877,-0.37103,-0.010305
-0.78782,-0.21555,-0.061467
-0.54959,0.10594,-0.53233
-0.75017,-0.29153,0.076144
-0.26351,-0.58704,0.36628
0.20493,-0.53362,-0.72653
-0.22984,-0.6792,-0.23298
0.1287,0.13064,0.55033
-1.0323,-0.32018,0.18792
-0.52956,-0.6377,0.23612
-0.68473,-0.32106,0.010361
0.94099,-0.18808,0.049156
0.95834,-0.22288,-0.40223
-0.063944,-0.26544,-0.52825
-1.0966,-0.12727,-0.22645
0.76502,0.47381,0.18539
-0.068828,-0.42389,0.32158
0.76351,-0.18252,0.33105
0.014843,0.012373,-0.48364
0.11404,0.37865,-0.4755
0.38921,-0.34395,0.57625
-0.43695,-0.21659,0.43322
0.010477,-0.64326,-0.39641
0.65778,0.51875,-0.055143
-0.1849,-0.57001,-0.021141
-0.34198,0.25782,-0.24084
0.21016,0.60364,0.46838
0.7226,-0.26829,0.45242
0.095917,0.82259,0.032279
-0.15586,-0.78114,-0.35878
0.16179,-0.81621,-0.10037
-0.30335,0.76404,-0.21141
-0.85006,0.079549,0.11257
0.89932,-0.42784,0.12493
-0.24281,-0.47913,0.26112
-0.51219,-0.51569,-0.21192
1.0268,-0.17914,-0.22378
-0.30355,0.14244,-0.59821
0.37973,-0.22933,-0.34922
0.33607,0.36747,-0.67316
-0.63503,0.48893,0.58902
0.9969,-0.15143,0.096191
-0.19184,-0.55273,0.12946
-0.49708,0.46921,0.42639
-0.43864,-0.19808,0.7108
-0.87801,0.2177,0.38127
-0.76999,-0.48013,0.20645
0.088155,-0.84295,-0.15716
0.84397,-0.29484,-0.43477
0.52742,0.24014,-0.4613
0.77085,-0.025248,-0.32947
-0.58138,0.44518,-0.34403
-0.29888,0.58991,-0.19012
0.45279,-0.028843,0.57092
-0.69298,-0.53133,0.068603
0.3667,0.4922,0.069629
0.5216,-0.5724,0.17018
-0.73923,0.33056,0.10999
1.1031,-0.061425,0.15664
-0.1221,-0.40102,0.51249
0.43198,-0.40042,-0.43707
-0.68635,-0.14878,-0.31588
0.3082,-0.44069,0.33978
-0.63837,0.37236,0.34923
-0.0025785,-0.47773,0.05949
-0.7188,-0.029352,0.59162
-0.30777,-0.28643,-0.53856
-0.22427,0.11043,0.53828
0.13334,0.62293,-0.29064
-0.25775,-0.36169,0.35097
0.81447,-0.40383,-0.16073
-0.39985,-0.30509,-0.30439
-0.63841,0.042444,0.52613
0.48202,-0.034485,0.48844
0.61687,-0.36997,0.36862
0.40448,-0.45693,-0.17352
0.50501,0.55257,0.31563
0.42394,0.13823,-0.67889
-1.0351,0.25552,-0.13354
0.52471,0.51003,0.51595
0.54216,0.45159,-0.18214
0.11752,0.31138,0.44535
-0.41447,-0.24233,-0.35187
0.15879,0.60397,-0.36598
0.87027,0.29362,0.46529
-0.43838,-0.16817,0.15156
0.41567,-0.17792,0.59993
-1.0495,0.26208,-0.035945
0.24957,-0.56974,0.45074
0.21525,-0.75169,0.009888
-0.14263,-0.10237,-0.57605
0.19836,0.82574,-0.086229
0.28664,0.29529,-0.58053
-0.7974,0.35587,0.040437
-0.46494,-0.40781,0.11682
0.17829,0.10705,-0.45758
0.55945,-0.37513,-0.54359
0.51306,0.27149,0.4505
-0.24639,0.70523,-0.045127
-0.93339,0.12244,0.090741
-0.7753,0.37996,-0.33441
0.5744,0.58473,0.26525
-0.95189,-0.098418,-0.044824
0.14214,0.13232,-0.6343
0.43812,0.58215,0.14853
-0.24165,0.66468,0.25767
-0.099169,0.26581,0.51835
-0.6565,-0.56089,0.0025927
-0.7009,0.16634,0.17118
0.094507,0.65708,-0.024942
0.088419,-0.47446,-0.4372
0.64693,-0.44748,0.23001
-1.1044,0.04842,0.02678
0.61012,0.1718,0.36898
-0.39538,-0.73198,-0.074213
1.0135,-0.0992,-0.018877
0.63651,-0.52287,-0.25707
-0.66436,-0.58721,0.12426
0.1516,0.43649,0.30581
-0.19056,-0.58092,-0.20799
-0.59616,0.56065,0.13883
0.081205,-0.36383,-0.32593
0.81162,-0.060225,-0.37127
0.71157,0.0057499,-0.53608
-0.21506,-0.52847,0.34536
0.33544,0.035695,-0.54891
-0.20796,0.69243,0.014429
-0.03973,0.77236,0.19664
0.65156,-0.028957,-0.49354
0.86241,0.43405,0.22495
-0.61311,-0.16698,0.65072
-0.70438,-0.43987,-0.52135
-0.34873,-0.26635,0.55304
1.0206,0.32113,0.31317
-0.28283,-0.01341,-0.54597
-0.34008,-0.46246,-0.54593
0.86104,0.23563,-0.29978
0.91321,0.19785,-0.055912
0.20919,0.22022,0.50763
-1.0526,0.030388,-0.24139
-0.032524,0.03473,0.76867
-0.2785,0.60461,0.0092178
-0.60497,-0.36903,0.22824
0.42012,0.82194,-0.073634
0.85742,0.19245,0.11698
0.022953,-0.49642,0.40577
0.34705,0.037347,0.4479
0.18542,-0.38903,0.37827
-0.15615,-0.75589,0.12214
0.2799,0.67677,0.50961
-0.34523,-0.46905,0.082625
-0.042934,-0.72211,-0.0036494
-0.72524,-0.0086939,0.25405
-0.3003,-0.19267,-0.3504
0.26436,0.33963,0.35074
0.41346,-0.69281,-0.0077986
-0.19968,-0.72658,0.0012586
0.12866,0.57106,0.55282
0.6803,-0.65509,0.09476
-0.58038,0.63435,-0.041336
0.90954,0.20406,-0.34611
0.31983,-0.53828,0.11172
-0.090629,0.5373,-0.36031
-0.59683,-0.23747,0.37582
0.27433,0.53048,-0.44251
-0.23419,0.032235,0.55927
-0.21515,0.26812,-0.57432
-0.077581,-0.72158,0.43347
-0.0051442,0.73599,0.15865
0.10437,0.098247,0.54681
-0.39544,-0.27299,0.30305
-0.42074,-0.40365,-0.1986
0.15871,-0.59947,0.18584
-0.80171,-0.21682,-0.30547
-0.41433,-0.01496,0.48783
-0.38231,0.096334,0.4652
-0.79481,-0.084687,0.31058
-0.25931,-0.099539,0.68528
0.54203,-0.36186,0.5354
0.42492,0.27963,-0.62815
0.61337,-0.056076,0.31395
0.94504,-0.28676,-0.14778
0.77641,-0.27481,-0.45452
0.067793,0.51379,0.53051
-0.52804,0.32421,-0.35972
0.23414,0.6387,0.16473
-0.21495,-0.26595,-0.4954
-0.80006,0.44443,-0.075954
0.80413,-0.085057,-0.38097
-0.3906,0.23672,0.4514
0.42995,0.69456,-0.051563
-0.75262,0.51386,-0.007085
0.76121,-0.07321,-0.51975
-0.96125,-0.27588,0.30121
-0.57552,0.27216,0.35357
-0.30318,-0.35543,-0.24261
0.31961,0.30971,0.25224
0.37837,-0.047184,-0.45143
0.56862,-0.12233,0.23484
-0.07366,0.8363,-0.028632
-0.90965,-0.49603,-0.088705
-0.10751,0.66176,0.094789
0.18308,0.20024,-0.55936
0.092669,0.16973,-0.56055
-0.32745,-0.70942,0.090032
-0.88416,-0.36683,0.034763
-0.9146,0.17765,0.31333
-0.77941,-0.35748,0.026368
-0.039799,-0.12311,-0.48721
1.0521,0.13566,0.13815
-0.71671,-0.31825,0.15879
0.9413,0.062158,-0.040829
0.99165,-0.21829,0.17984
0.51311,-0.61016,-0.19879
-0.83372,0.13284,0.48897
-0.017506,0.55526,-0.26764
-0.78881,-0.25345,-0.24181
-1.101,0.0041269,-0.12905
-0.68547,0.35508,-0.25017
-0.48928,-0.50085,-0.33377
-0.030169,-0.28752,-0.65146
-0.81088,-0.19532,-0.097109
-0.51481,0.44845,-0.1446
0.53436,0.50442,0.070191
-0.70801,0.53294,-0.11822
-0.67155,0.62729,-0.31881
-0.89285,0.45004,-0.22068
0.62297,-0.0024879,-0.36652
0.12773,-0.3846,-0.34717
-0.30584,-0.69021,0.23614
-0.94085,-0.56517,-0.25622
-0.70839,0.3175,-0.35184
0.64105,-0.59195,-0.16686
-0.57591,0.098211,0.55826
0.2751,0.51974,-0.11213
-0.56217,-0.018542,-0.47868
1.1637,0.12207,0.03066
-0.086557,0.53567,0.10844
0.75059,-0.26588,0.32554
0.55272,0.26162,0.42378
0.11509,0.79255,-0.10996
0.33166,-0.17232,-0.35633
0.62671,0.49006,0.11325
0.61233,-0.29074,-0.19821
0.43846,0.72842,-0.13439
0.78278,0.099956,-0.38317
0.20317,0.19832,0.48948
-0.70533,-0.22919,-0.50522
0.15201,-0.25531,0.50114
-0.25486,-0.49068,0.30886
-0.56282,0.54294,-0.13153
0.74708,-0.18167,0.27961
-0.47565,0.72036,-0.19563
0.89425,-0.37846,0.0037178
-0.315,0.53727,0.24086
0.149,-0.64703,-0.36175